901
8525 3
8015 3
8050 2
7816 2
8612 8
8950 2
7906 2
7941 1
9170 2
8725 9
8198 2
8187 1
8967 3
8210 2
8784 34
7718 2
9545 3
8405 5
8290 2
8557 1
8034 4
7689 1
7794 78
8717 1
9346 2
-3130 20
8607 3
8143 3
8446 10
8438 20
9306 48
-9228 474
8770 20
9225 3
8829 1
7936 2
9612 2
9078 2
8730 2
8973 9
7991 1
8854 2
8709 1
8398 2
-1163 8837
8587 1
9159 3
8939 3
8297 9
9564 12
8777 13
9019 3
8670 2
8353 3
9498 2
8608 4
8985 3
9113 3
8684 2
8855 3
8753 3
9207 9
8748 1074
-8702 8
9151 3
9296 4
8371 1
-9229 473
9274 14
7896 4
8875 5
-8752 2
8883 3
8638 12
8454 2
8885 5
-8714 2
8427 139
8998 4
8019 1
8553 5
-8699 5
-3185 17
8276 12
8636 32
9085 3
7704 4
7944 2
8303 15
8070 4
8029 9
8008 2
7821 3
-8730 4
8848 18
8844 2
8535 5
8071 5
9224 6
9756 66
8360 2
8032 2
7721 1
7799 7
7760 2
8760 2
7771 5
7961 3
8637 11
8937 235
8084 2
9607 1
8361 11
8606 2
7685 3
8103 3
7722 6
8025 5
9268 8
8669 1
8775 7
9208 10
8505 1
-3160 8
6138 1534
8609 5
8819 1
9566 6
9189 5
-8750 4
8017 1
7879 1
8884 4
-6501 947
8936 26
9601 3
8307 1
9217 19
8260 2
8428 46
8899 3
8402 2
8067 15
8219 7
9028 2
-8067 617
-8744 2
9101 1
8806 90
7832 6
8459 1
7982 4
8920 2
9188 4
9035 3
8344 2
7988 2
7825 1
8901 1
8098 12
7999 13
7829 3
7794 2
8856 8
8573 1
9108 2
8298 2
7772 6
9090 2
8660 2
8567 1
9298 6
8040 164
-8738 4
8511 3
-8688 2
8026 2
8394 2
8160 2
8925 1
8617 1
-8713 3
7970 2
7946 6
9265 5
-4352 1132
9631 5
-3090 18
8946 2
-8740 2
7834 2
9602 4
8691 1
8509 1
-3098 4
8966 2
8512 2
8422 158
-3097 5
7994 4
-8717 1
9086 2
8453 1
8683 1
9105 1
9555 3
8972 8
8787 1
8809 101
7996 2
9620 2
9856 34
9112 2
9021 9
8921 11
8522 40
8064 2
-1380 1686
-9230 472
7996 10
7930 2
-3188 20
8400 18
8986 4
8320 2
9013 1
8361 3
8175 1
8882 2
8686 4
8535 1
8238 6
8590 2
9252 4
7913 3
9158 2
9261 1
8563 1
9010 2
9281 23
7979 1
8851 143
7947 7
7741 5
8613 9
7764 2
-9881 119
8526 4
8139 1
8313 3
8238 2
9134 8
8327 3
9251 3
-9884 116
8000 2
8856 4
8213 1
8883 13
8710 2
9911 7
8214 2
9484 2
9647 3
9529 13
8931 1
8083 1
8763 1
9205 7
8892 2
8849 21
9196 2
7817 35
8984 2
8727 1
8224 2
-8718 8
8353 29
9562 10
7929 37
7766 12
9318 14
9062 12
8408 2
8416 2
7708 8
7894 2
8272 8
7992 2
8153 1
7815 23
9223 5
9659 5
7933 1
8771 3
8375 1
8446 4
9224 2
9418 60
8666 2
-3082 10
8332 2
8602 2
7905 13
8628 2
8552 4
8502 20
9500 4
8154 2
8271 7
7916 24
-8066 618
9185 1
8794 4
8008 34
8248 16
8411 185
8014 28
7950 2
8443 7
7691 3
9578 2
8102 6
9056 2
8312 2
9600 2
8518 2
8969 5
9534 18
8471 1
8120 2
7920 2
8132 20
8399 75
8427 45
8415 151
9897 7
8179 9
9680 2
9043 1
8598 2
8054 2
7923 1
7843 3
8467 1
9896 6
7925 3
7858 6
8937 229
8113 1
8841 5
9351 3
9018 2
9232 2
9597 1
8826 2
8675 3
9605 1
7973 1
8634 2
9297 5
9277 1
7784 68
9083 1
7703 3
7945 3
8043 1
8872 2
8777 9
8179 5
9181 3
9591 1
9003 9
8873 3
8493 5
7857 1
8934 2
9131 15
8114 2
9075 1
-1379 1687
9298 2
9133 23
8403 79
-3105 3
9117 1
9350 2
8816 2
9581 1
8406 6
9628 2
8003 1
9078 4
8577 3
8942 6
8409 183
9238 2
8103 7
-3131 19
9631 13
8389 7
8749 1
8793 3
8342 6
9489 3
9120 4
8741 7
8688 2
8478 4
8425 3
8165 1
8714 2
9670 2
9027 15
2456 2148
8345 3
8554 6
9160 4
9275 17
-9880 120
8199 3
9216 18
9223 25
8971 7
8404 176
9556 4
7952 12
7740 10
9091 3
8924 6
8233 1
8802 68
7847 1
9584 2
8294 2
8803 3
9028 16
8386 4
9671 3
-8692 2
9636 18
-3206 2
9239 3
8863 1
8309 1
7710 2
8997 1
9493 1
8705 3
8223 1
8138 12
9132 22
7758 4
8952 4
8208 4
8943 1
7888 2
-8724 2
9616 2
8182 2
7900 8
8440 18
8088 2
8761 3
9244 2
9633 11
8068 2
8060 2
8706 2
8855 7
8062 4
8922 4
8645 19
7955 1
8159 1
8695 3
9957 39
7770 4
8772 4
-8732 2
8466 792
8991 1
9501 7
7755 1
8643 5
-9731 29
-8720 2
8276 2
8792 2
8387 5
7889 3
8822 2
8834 2
9064 6
8840 8
8447 243
8429 7
7722 2
8127 1
9663 1
9340 8
8357 1
9121 5
7690 2
8273 9
8955 1
8652 2
9048 2
8744 4
8898 2
8377 5
8643 21
2455 2147
9589 9
7739 9
8915 1
7874 2
8721 3
9214 2
7802 10
7676 2
9676 2
9546 4
8011 37
8384 2
9097 9
8680 2
9666 2
7880 2
9021 5
9211 1
8134 4
9133 1
9659 1
9686 4
9118 2
8176 2
7936 4
8823 5
8519 3
8333 3
7866 2
7901 9
8582 2
-8745 1
-5952 2732
8172 2
7976 2
9585 3
8594 2
7854 2
9169 1
7707 7
9186 2
8303 3
9629 3
7898 6
8995 1
8699 1
8674 2
8405 179
8736 2
8415 1
8568 2
8487 1
8512 4
8496 10
9633 57
8363 7
9209 1
8467 5
8179 1
8754 4
8501 3
8637 1
8695 5
9176 2
9637 27
9161 5
9624 2
8737 3
8391 9
9034 2
8802 4
8938 2
8193 1
7910 18
7980 6
7808 2
7902 2
9501 5
9127 1
9554 2
8492 4
9502 8
7995 9
7738 2
9253 5
8802 2
9263 1
9497 19
8168 2
7768 14
8555 7
8339 3
9144 2
8938 230
8958 2
9656 2
-9343 657
8525 649
8720 2
8657 7
7860 4
8275 11
-8732 22
7846 6
9022 10
7971 3
7777 95
-3214 6
8239 3
8326 2
-8729 1
8928 2
8403 3
8878 2
8571 1
9279 1
8074 8
9045 1
9235 1
9020 4
8247 3
9241 1
-9883 117
-3205 3
8128 2
9095 1
8072 2
8119 7
8807 1
9594 2
8194 2
9547 5
9490 4
8746 2
9037 5
8406 180
9488 2
9482 4
-3159 9
8294 6
9195 1
9130 2
9480 2
7833 1
-8751 3
9200 2
9096 2
9507 1
8227 1
8624 2
8742 2
9356 2
9544 2
8469 1
7882 4
7981 3
9062 8
8551 3
7798 2
9540 2
7820 2
7877 1
9102 2
7912 2
8921 3
8882 12
9005 3
9004 2
8977 13
9132 6
-9882 118
8847 19
8811 3
9909 87
7733 17
8476 2
7743 3
8135 5
9669 1
9588 8
8380 2
9645 1
8497 11
8524 2
8248 4
8206 2
8014 2
8268 4
7679 1
7742 6
8645 23
8640 2
8039 1
8929 19
9220 2
-3087 21
9338 6
8610 6
8284 2
9180 2
9068 2
8124 2
8317 1
8275 1
8349 1
9274 2
8406 178
7835 3
8836 128
8831 1
9136 2
-8701 3
7786 4
7804 2
8267 3
7967 1
8428 6
7845 5
8916 2
9295 37
7721 5
8464 2
8269 5
-8739 3
7752 2
8444 8
9574 2
8408 196
9147 1
7803 11
9502 2
8255 1
9014 2
8908 2
9630 4
8249 5
-6555 3445
8751 1
8302 14
8098 2
8376 2
8373 1
8257 1
8448 2
9089 77
7696 2
9129 1
9290 2
9245 3
8457 1
9136 30
8142 2
-6554 3446
9047 35
769 3835
9179 5
8338 2
8426 138
9629 49
8078 2
7768 2
9064 10
9342 2
8993 1
7786 86
9486 8
8903 1
8302 2
9266 6
7691 9
7772 2
8148 2
8970 6
-3069 3
9660 2
7859 3
8839 3
8484 2
8046 2
8507 1
7780 2
8850 2
8022 2
7702 2
9564 4
8330 6
7982 2
8385 3
8368 2
8009 3
-8708 2
6139 1535
8777 1
8325 1
8413 187
8542 2
8246 2
-6502 946
7858 2
7690 8
7801 1
9634 16
9335 3
8407 7
8773 5
-9342 658
8653 3
8868 2
7828 2
8645 3
8904 2
8798 8
9635 17
9267 3
8306 18
8523 1
8352 2
8055 3
8722 4
8618 2
8089 3
8534 12
8550 2
9040 2
8133 3
-8722 12
9308 50
8444 2
7803 49
8117 5
9646 2
9133 7
9336 4
8183 13
7842 2
9334 2
8460 2
8731 3
9122 2
7923 45
7803 3
-9257 503
7784 2
8430 2
8805 97
8220 2
7960 2
-5519 35
9624 44
7742 2
9214 16
8742 8
8766 2
8824 4
7756 2
8719 1
9281 1
8495 13
8094 2
8842 6
8230 2
8677 5
8959 3
7884 2
8420 2
-8700 4
8079 3
9201 3
8237 5
8799 1
7956 2
7870 2
7733 3
7924 2
8887 7
8115 3
8535 13
8096 14
8013 39
8040 72
9259 1
9495 1
8069 101
8215 3
8081 1
8500 2
8111 1
8701 1
